center_x = -26.90795961538462
center_y = -11.658803846153848
center_z = 142.66564230769234
size_x = 20
size_y = 20
size_z = 20