center_x = 0.4608652173913043
center_y = 9.458338260869565
center_z = 6.629050434782609
size_x = 20
size_y = 20
size_z = 20