
center_x = 123.31506181818179
center_y = 117.4587290909091
center_z = 91.78302545454545
size_x = 20
size_y = 20
size_z = 20
num_modes = 1
