
center_x = 28.334871292114258
center_y = 46.4641227722168
center_z = -0.42205554246902466
size_x = 20
size_y = 20
size_z = 20
num_modes = 1
