center_x = -23.721830909090915
center_y = 0.9840527272727273
center_z = -1.8257163636363636
size_x = 20
size_y = 20
size_z = 20