center_x = -93.0570275862069
center_y = -21.49002068965517
center_z = 213.49001379310346
size_x = 20
size_y = 20
size_z = 20