
center_x = -93.1730767857143
center_y = -21.768635714285715
center_z = 213.25488928571426
size_x = 20
size_y = 20
size_z = 20
num_modes = 1
