center_x = 4.838956521739131
center_y = 2.6962608695652173
center_z = 28.646608695652176
size_x = 20
size_y = 20
size_z = 20