center_x = 13.518463793103447
center_y = -14.686739655172413
center_z = 46.95767758620689
size_x = 20
size_y = 20
size_z = 20