center_x = 13.518351724137933
center_y = -14.689303448275862
center_z = 46.956681034482756
size_x = 20
size_y = 20
size_z = 20