center_x = 63.24110810810813
center_y = -22.769783783783783
center_z = 5.048054054054054
size_x = 20
size_y = 20
size_z = 20