center_x = 15.578031249999999
center_y = 5.66646875
center_z = 0.05665625000000002
size_x = 20
size_y = 20
size_z = 20