
center_x = 15.316203389830509
center_y = 6.3612542372881355
center_z = -0.8734237288135593
size_x = 20
size_y = 20
size_z = 20
num_modes = 1
