
center_x = 10.630811249999999
center_y = 6.188295
center_z = -5.7136362499999995
size_x = 20
size_y = 20
size_z = 20
num_modes = 1
