center_x = -29.728021153846157
center_y = -47.67909038461538
center_z = -9.81268846153846
size_x = 20
size_y = 20
size_z = 20