center_x = -16.37732
center_y = 59.51852000000001
center_z = -17.874760000000002
size_x = 20
size_y = 20
size_z = 20