
center_x = 18.604668181818184
center_y = 3.0566227272727273
center_z = 24.390279545454543
size_x = 20
size_y = 20
size_z = 20
num_modes = 1
