center_x = 18.419999999999998
center_y = 3.366740740740741
center_z = 24.879555555555562
size_x = 20
size_y = 20
size_z = 20