center_x = 51.610780851063836
center_y = -6.556908510638297
center_z = 6.1686
size_x = 20
size_y = 20
size_z = 20