center_x = 4.38836
center_y = 1.88455
center_z = -5.06824
size_x = 20
size_y = 20
size_z = 20