center_x = -0.2102741935483871
center_y = 9.374435483870968
center_z = 7.185661290322581
size_x = 20
size_y = 20
size_z = 20