center_x = -0.21027
center_y = 9.37444
center_z = 7.18566
size_x = 20
size_y = 20
size_z = 20