center_x = 123.19621
center_y = 118.01514
center_z = 91.70593
size_x = 20
size_y = 20
size_z = 20