center_x = 123.19621428571428
center_y = 118.01514285714282
center_z = 91.70592857142856
size_x = 20
size_y = 20
size_z = 20