center_x = -4.681393939393939
center_y = 15.602515151515153
center_z = 13.698
size_x = 20
size_y = 20
size_z = 20