center_x = -4.68139
center_y = 15.60252
center_z = 13.69800
size_x = 20
size_y = 20
size_z = 20