center_x = 14.510583333333333
center_y = 2.5321944444444444
center_z = 8.077833333333333
size_x = 20
size_y = 20
size_z = 20