center_x = 28.33487
center_y = 46.46412
center_z = -0.42206
size_x = 20
size_y = 20
size_z = 20