center_x = 14.51058
center_y = 2.53219
center_z = 8.07783
size_x = 20
size_y = 20
size_z = 20