center_x = -24.007941176470588
center_y = 1.0149117647058825
center_z = -1.7497352941176472
size_x = 20
size_y = 20
size_z = 20