center_x = -93.05703
center_y = -21.49002
center_z = 213.49001
size_x = 20
size_y = 20
size_z = 20