center_x = 4.83896
center_y = 2.69626
center_z = 28.64661
size_x = 20
size_y = 20
size_z = 20