center_x = 13.51835
center_y = -14.68930
center_z = 46.95668
size_x = 20
size_y = 20
size_z = 20