center_x = 63.24111
center_y = -22.76978
center_z = 5.04805
size_x = 20
size_y = 20
size_z = 20