center_x = 15.57803
center_y = 5.66647
center_z = 0.05666
size_x = 20
size_y = 20
size_z = 20