center_x = 10.62845
center_y = 6.18730
center_z = -5.71361
size_x = 20
size_y = 20
size_z = 20