center_x = -29.71953
center_y = -47.69067
center_z = -9.81618
size_x = 20
size_y = 20
size_z = 20