center_x = -16.37732
center_y = 59.51852
center_z = -17.87476
size_x = 20
size_y = 20
size_z = 20