center_x = 18.42000
center_y = 3.36674
center_z = 24.87956
size_x = 20
size_y = 20
size_z = 20