center_x = 51.61078
center_y = -6.55691
center_z = 6.16860
size_x = 20
size_y = 20
size_z = 20